4
8 7 0 0 0 0 0 0 0 3 0 0 0 0 4 0
0 5 14 0 0 0 3 0 15 9 1 0 0 0 0 0
10 0 0 0 5 8 7 0 0 14 0 0 9 0 11 0
0 0 4 0 0 14 0 0 0 11 0 0 0 7 0 3
14 0 0 8 0 0 1 0 0 0 0 3 7 4 0 0
9 0 0 0 0 0 15 0 0 0 0 14 0 3 1 0
11 0 0 3 0 0 0 0 0 8 0 1 0 0 0 0
0 0 0 1 14 0 4 0 0 5 0 9 11 0 0 0
0 0 0 0 15 0 0 0 0 0 9 0 5 0 0 0
0 1 0 0 0 0 5 0 0 15 7 10 0 0 0 0
0 0 10 11 0 4 0 8 0 0 0 0 0 0 0 7
0 9 0 7 1 3 0 0 0 0 8 0 10 15 14 4
7 0 0 0 9 10 0 5 0 0 14 4 3 8 0 0
0 0 3 0 0 0 0 0 0 0 0 0 0 10 15 0
1 0 9 0 0 0 14 4 0 0 0 0 0 0 7 0
0 0 8 0 3 0 0 0 0 7 0 0 0 0 0 0
